[0.4130747  0.58692527]
[0.22350127 0.77649873]
[0.5677044  0.43229565]
[0.1634784  0.83652157]
[0.5194393  0.48056072]
[0.08576158 0.9142384 ]
[0.17526898 0.824731  ]
[0.28002942 0.7199706 ]
[0.24102119 0.7589788 ]
[0.9840934  0.01590665]
[0.425701 0.574299]
[0.16374943 0.83625054]
[0.14621301 0.85378695]
[0.43648642 0.56351364]
[0.12415293 0.87584704]
[0.44624743 0.55375254]
[0.23347852 0.7665215 ]
[0.15212265 0.8478774 ]
[0.13198915 0.8680109 ]
[0.142714   0.85728604]
[0.192117 0.807883]
[0.1002292 0.8997708]
[0.24312021 0.7568798 ]
[0.1153959 0.8846041]
[0.37692803 0.6230719 ]
[0.28103524 0.7189648 ]
[0.1706135  0.82938653]
[0.16350004 0.8364999 ]
[0.1398533 0.8601467]
[0.8553556  0.14464433]
[0.16785654 0.8321434 ]
[0.19565044 0.80434954]
[0.12935807 0.87064195]
[0.6986108  0.30138922]
[0.13857476 0.8614252 ]
[0.20070283 0.7992972 ]
[0.12360281 0.87639713]
[0.09033188 0.9096681 ]
[0.3738809  0.62611914]
[0.4302525 0.5697475]
[0.20881829 0.79118174]
[0.17107819 0.8289218 ]
[0.22093976 0.77906024]
[0.16946244 0.83053756]
[0.10591386 0.8940862 ]
[0.6965913  0.30340868]
[0.7470758  0.25292423]
[0.425121 0.574879]
[0.29107708 0.70892286]
[0.21603863 0.7839614 ]
[0.36543408 0.6345659 ]
[0.13060567 0.8693943 ]
[0.19480087 0.80519915]
[0.17747736 0.82252264]
[0.8429091  0.15709084]
[0.09848217 0.9015178 ]
[0.20701247 0.7929876 ]
[0.13567352 0.8643265 ]
[0.3891565  0.61084354]
[0.1929187  0.80708134]
[0.64265186 0.35734817]
[0.12576847 0.8742315 ]
[0.15396348 0.84603655]
[0.12363364 0.8763664 ]
[0.1567576  0.84324247]
[0.29017627 0.7098237 ]
[0.42995238 0.5700476 ]
[0.10430575 0.8956942 ]
[0.14015555 0.85984445]
[0.18434623 0.8156538 ]
[0.5846819  0.41531804]
[0.15340576 0.8465943 ]
[0.2980156 0.7019844]
[0.28270337 0.71729666]
[0.22813413 0.7718659 ]
[0.6771846  0.32281536]
[0.24976653 0.7502335 ]
[0.32029337 0.6797067 ]
[0.7295397  0.27046028]
[0.17717853 0.82282144]
[0.5473089  0.45269105]
[0.23842198 0.761578  ]
[0.17332317 0.82667685]
[0.69506234 0.30493766]
[0.5017383  0.49826166]
[0.10718074 0.8928192 ]
[0.73640203 0.26359797]
[0.58058447 0.4194155 ]
[0.45538014 0.54461986]
[0.1387856 0.8612144]
[0.5095577  0.49044228]
[0.4073594  0.59264064]
[0.8638778  0.13612229]
[0.43846035 0.56153965]
[0.10809877 0.89190125]
[0.28943864 0.71056134]
[0.41923103 0.580769  ]
[0.10614245 0.89385754]
[0.8259906  0.17400937]
[0.2079044  0.79209566]
[0.47771996 0.52228004]
[0.69009346 0.30990648]
[0.23699756 0.76300246]
[0.2142263 0.7857737]
[0.1136363 0.8863637]
[0.6212833  0.37871668]
[0.76960784 0.23039213]
[0.1295658 0.8704342]
[0.12645178 0.87354815]
[0.11423188 0.88576806]
[0.18383792 0.8161621 ]
[0.97501445 0.02498554]
[0.26643607 0.73356396]
[0.09701783 0.9029822 ]
[0.15553035 0.84446967]
[0.15749013 0.84250987]
[0.09994229 0.90005773]
[0.9785982  0.02140184]
[0.20871182 0.79128826]
[0.33059928 0.66940075]
[0.11127918 0.8887208 ]
[0.1869392 0.8130608]
[0.31220052 0.68779945]
[0.10200687 0.8979931 ]
[0.09884874 0.90115124]
[0.20522836 0.7947716 ]
[0.06790926 0.93209076]
[0.1398366  0.86016345]
[0.39784494 0.6021551 ]
[0.23565054 0.7643494 ]
[0.14335307 0.85664696]
[0.13992958 0.8600704 ]
[0.06802972 0.9319703 ]
[0.40377405 0.5962259 ]
[0.07440804 0.9255919 ]
[0.9405663  0.05943365]
[0.67854226 0.32145777]
[0.393736 0.606264]
[0.2532818 0.7467182]
[0.177971 0.822029]
[0.14587489 0.85412514]
[0.15926637 0.84073365]
[0.34762415 0.6523759 ]
[0.24406536 0.7559346 ]
[0.2067151  0.79328483]
[0.09093181 0.9090682 ]
[0.5888213  0.41117874]
[0.20806329 0.79193676]
[0.12169291 0.87830704]
[0.21413696 0.78586304]
[0.273837 0.726163]
[0.50274867 0.49725133]
[0.2127396  0.78726035]
[0.4014763  0.59852374]
[0.32628566 0.67371434]
[0.10145412 0.8985459 ]
[0.41707057 0.5829295 ]
[0.13984509 0.86015487]
[0.839729   0.16027102]
[0.40312377 0.59687626]
[0.11693137 0.8830686 ]
[0.51435345 0.48564655]
[0.08248573 0.91751426]
[0.44563934 0.5543606 ]
[0.21944937 0.7805506 ]
[0.19383849 0.8061615 ]
[0.1576231 0.8423769]
[0.3399435  0.66005653]
[0.25389552 0.7461045 ]
[0.24537057 0.75462943]
[0.16538833 0.8346117 ]
[0.11880216 0.88119787]
[0.2958621  0.70413786]
[0.2895193  0.71048063]
[0.36900732 0.6309927 ]
[0.55545104 0.444549  ]
[0.4313403  0.56865966]
[0.7105426  0.28945738]
[0.16583554 0.83416444]
[0.5187869 0.4812131]
[0.60032064 0.39967933]
[0.9551059 0.0448941]
[0.5555431  0.44445688]
[0.21909219 0.7809078 ]
[0.25338495 0.7466151 ]
[0.2225601  0.77743995]
[0.21069357 0.7893064 ]
[0.31060934 0.6893907 ]
[0.17615812 0.8238419 ]
[0.16586098 0.83413905]
[0.68983626 0.31016368]
[0.778825   0.22117503]
[0.09535465 0.9046453 ]
[0.17261286 0.8273871 ]
[0.39098924 0.60901076]
[0.27541628 0.72458375]
[0.9754557  0.02454431]
[0.16866523 0.8313347 ]
[0.45852193 0.5414781 ]
[0.09255858 0.90744144]
[0.36533052 0.6346695 ]
[0.21269897 0.787301  ]
[0.2803462 0.7196537]
[0.06639166 0.9336083 ]
[0.6033704  0.39662963]
[0.17555545 0.8244446 ]
[0.78134274 0.21865727]
[0.32823482 0.67176515]
[0.9723784 0.0276216]
[0.2193934 0.7806066]
[0.09375407 0.906246  ]
[0.21651375 0.78348625]
[0.3664305  0.63356954]
[0.50055104 0.49944893]
[0.30204645 0.6979536 ]
[0.15205787 0.8479421 ]
[0.1726816 0.8273184]
[0.19618304 0.803817  ]
[0.1333239 0.8666761]
[0.13257909 0.8674209 ]
[0.26592523 0.7340748 ]
[0.6991873 0.3008127]
[0.10557546 0.8944245 ]
[0.1776053 0.8223947]
[0.51588124 0.48411876]
[0.25724456 0.7427554 ]
[0.39524996 0.6047501 ]
[0.4767574 0.5232426]
[0.2436227 0.7563773]
[0.36663035 0.6333696 ]
[0.09349319 0.9065068 ]
[0.70071375 0.29928625]
[0.40543568 0.5945643 ]
[0.5216823 0.4783177]
[0.4147192 0.5852808]
[0.3778561 0.6221439]
[0.2005289 0.7994711]
[0.13720532 0.8627947 ]
[0.75298053 0.24701947]
[0.12711443 0.8728855 ]
[0.1631935  0.83680654]
[0.31703788 0.6829621 ]
[0.31788418 0.68211585]
[0.3953454 0.6046546]
[0.69178355 0.30821648]
[0.14220302 0.857797  ]
[0.13155824 0.86844176]
[0.44720182 0.5527982 ]
[0.17083487 0.8291651 ]
[0.3205296  0.67947036]
[0.18471089 0.8152891 ]
[0.1851211  0.81487894]
[0.57369125 0.42630875]
[0.6506837  0.34931624]
[0.07848313 0.9215169 ]
[0.35230967 0.64769036]
[0.29291624 0.7070837 ]
[0.20797597 0.7920241 ]
[0.31915465 0.6808453 ]
[0.19761693 0.8023831 ]
[0.09112132 0.9088786 ]
[0.26848063 0.7315194 ]
[0.15919597 0.840804  ]
[0.12212134 0.87787867]
[0.18126203 0.81873804]
[0.18797079 0.81202924]
[0.15743859 0.8425614 ]
[0.48161206 0.5183879 ]
[0.07748896 0.92251104]
[0.20491898 0.795081  ]
[0.14668165 0.8533184 ]
[0.8756919  0.12430812]
[0.13147925 0.8685208 ]
[0.4738182 0.5261818]
[0.30275685 0.69724315]
[0.23817101 0.761829  ]
[0.25818175 0.7418182 ]
[0.40708718 0.59291285]
[0.24347551 0.75652444]
[0.20430185 0.79569817]
[0.12469622 0.8753038 ]
[0.17295906 0.8270409 ]
[0.10459771 0.8954023 ]
[0.14915587 0.8508441 ]
[0.1331693  0.86683077]
[0.2161495 0.7838505]
[0.22464381 0.7753562 ]
[0.46834466 0.5316554 ]
[0.90516174 0.09483833]
[0.54028064 0.45971933]
[0.7973386  0.20266142]
[0.12445084 0.8755492 ]
[0.10231052 0.89768946]
[0.22370899 0.77629095]
[0.27495375 0.7250462 ]
[0.38053402 0.61946595]
[0.52006674 0.4799333 ]
[0.9544748  0.04552517]
[0.10385409 0.89614594]
[0.23866908 0.76133096]
[0.08453345 0.9154666 ]
[0.4524673  0.54753274]
[0.9795801 0.0204199]
[0.1494315  0.85056853]
[0.12493672 0.8750633 ]
[0.6048978  0.39510223]
[0.08755965 0.91244036]
[0.69120514 0.3087949 ]
[0.19734126 0.80265874]
[0.24940246 0.75059754]
[0.30510402 0.694896  ]
[0.28564557 0.71435446]
[0.14887184 0.8511282 ]
[0.14161788 0.8583821 ]
[0.2599559  0.74004406]
[0.1600568  0.83994323]
[0.33401954 0.66598046]
[0.1420311  0.85796887]
[0.10084154 0.8991585 ]
[0.82214874 0.1778513 ]
[0.20860916 0.7913908 ]
[0.19628301 0.803717  ]
[0.19029081 0.8097092 ]
[0.30565062 0.69434935]
[0.5190906  0.48090944]
[0.2313643 0.7686357]
[0.08445576 0.9155442 ]
[0.8665452  0.13345483]
[0.3795887  0.62041134]
[0.9216146 0.0783854]
[0.11840843 0.88159156]
[0.3707206  0.62927943]
[0.5106051  0.48939487]
[0.18231781 0.8176822 ]
[0.2031266 0.7968734]
[0.7259552  0.27404484]
[0.5409863  0.45901376]
[0.1255845 0.8744155]
[0.13067594 0.8693241 ]
[0.24146947 0.7585305 ]
[0.1353612 0.8646388]
[0.15523015 0.8447699 ]
[0.17598344 0.8240166 ]
[0.48299566 0.5170044 ]
[0.25680894 0.74319106]
[0.17760433 0.8223957 ]
[0.5220987 0.4779013]
[0.12823707 0.871763  ]
[0.1666587  0.83334124]
[0.36931175 0.63068825]
[0.39499447 0.6050055 ]
[0.20079528 0.79920477]
[0.38438538 0.6156146 ]
[0.05660319 0.9433968 ]
[0.23560512 0.7643949 ]
[0.74546677 0.2545332 ]
[0.3766206  0.62337935]
[0.14796872 0.85203123]
[0.21586163 0.7841384 ]
[0.69249684 0.30750316]
[0.3882976  0.61170244]
[0.21505134 0.78494865]
[0.43187308 0.568127  ]
[0.13831042 0.86168957]
[0.4794578  0.52054226]
[0.07121791 0.92878205]
[0.9179976  0.08200242]
[0.6861952  0.31380478]
[0.10274242 0.89725757]
[0.38733986 0.61266017]
[0.14287512 0.85712487]
[0.16999619 0.83000386]
[0.15096655 0.8490334 ]
[0.5271365 0.4728635]
[0.15094276 0.8490572 ]
[0.19067648 0.8093235 ]
[0.45669547 0.54330456]
[0.20764333 0.79235667]
[0.14196302 0.858037  ]
[0.9544748  0.04552517]
[0.7098332  0.29016677]
[0.18927653 0.8107235 ]
[0.24333765 0.7566623 ]
[0.21414769 0.7858523 ]
[0.15657118 0.8434288 ]
[0.71048844 0.28951156]
[0.17298357 0.8270164 ]
[0.36405867 0.6359413 ]
[0.14777663 0.85222334]
[0.14499503 0.855005  ]
[0.16972625 0.83027375]
[0.32539752 0.6746025 ]
[0.2887973 0.7112027]
[0.5625237  0.43747625]
[0.15489042 0.84510964]
[0.10775535 0.8922447 ]
[0.1131379 0.8868621]
[0.286265 0.713735]
[0.8311952  0.16880476]
[0.14160852 0.85839146]
[0.19453888 0.80546117]
[0.4548266 0.5451734]
[0.4254665 0.5745335]
[0.11986489 0.88013506]
[0.18210922 0.81789076]
[0.663924 0.336076]
[0.1922058  0.80779415]
[0.41622484 0.5837752 ]
[0.11609013 0.8839099 ]
[0.73457617 0.26542383]
[0.7249608 0.2750392]
[0.6410745 0.3589255]
[0.20511872 0.7948813 ]
[0.02398058 0.97601944]
[0.07542223 0.9245778 ]
[0.6986059  0.30139413]
[0.3352543 0.6647457]
[0.15753011 0.84246993]
[0.11226989 0.8877302 ]
[0.10865134 0.89134866]
[0.06207141 0.93792856]
[0.2238097 0.7761903]
[0.2807469 0.7192531]
[0.21255562 0.78744435]
[0.3507076  0.64929235]
[0.2326739 0.7673261]
[0.44476765 0.55523235]
[0.4219714 0.5780286]
[0.88338834 0.11661168]
[0.07782692 0.922173  ]
[0.14504278 0.8549572 ]
[0.20023352 0.7997665 ]
[0.12219959 0.8778004 ]
[0.0729901 0.9270099]
[0.6670316 0.3329684]
[0.27620915 0.7237909 ]
[0.20704226 0.7929577 ]
[0.38698986 0.6130101 ]
[0.14812252 0.8518775 ]
[0.6284626  0.37153745]
[0.24745782 0.7525422 ]
[0.44604132 0.5539587 ]
[0.3516747  0.64832526]
[0.19983691 0.8001631 ]
[0.6719956 0.3280044]
[0.18205966 0.81794035]
[0.16148476 0.8385152 ]
[0.25742564 0.7425744 ]
[0.20786627 0.7921338 ]
[0.12158153 0.87841845]
[0.61630297 0.38369703]
[0.31235743 0.6876426 ]
[0.17614841 0.8238515 ]
[0.69749725 0.30250275]
[0.3714147  0.62858534]
[0.28022933 0.7197707 ]
[0.17232217 0.8276779 ]
[0.23727581 0.76272416]
[0.10379943 0.8962006 ]
[0.12482351 0.8751765 ]
[0.46218207 0.5378179 ]
[0.213137 0.786863]
[0.18195692 0.81804305]
[0.16386962 0.8361303 ]
[0.32213995 0.6778601 ]
[0.6528188  0.34718123]
[0.16649409 0.8335059 ]
[0.11903421 0.88096577]
[0.13706774 0.8629323 ]
[0.2673906  0.73260945]
[0.707381 0.292619]
[0.33509156 0.6649084 ]
[0.08762314 0.9123768 ]
[0.35592258 0.6440775 ]
[0.1857913 0.8142087]
[0.35735995 0.64264005]
[0.12861396 0.87138605]
[0.09817519 0.90182483]
[0.09999259 0.90000737]
[0.15786375 0.84213626]
[0.37337098 0.626629  ]
[0.05617516 0.9438249 ]
[0.39680448 0.6031955 ]
[0.27937156 0.72062844]
[0.2756624  0.72433764]
[0.23156056 0.7684395 ]
[0.14155927 0.8584407 ]
[0.31304514 0.6869548 ]
[0.14047064 0.8595294 ]
[0.12977524 0.8702247 ]
[0.23340093 0.7665991 ]
[0.17989539 0.8201046 ]
[0.26769134 0.7323086 ]
[0.5237438 0.4762562]
[0.38078588 0.6192142 ]
[0.24366257 0.7563374 ]
[0.106022   0.89397806]
[0.15453182 0.8454682 ]
[0.38586366 0.6141363 ]
[0.27784336 0.7221566 ]
[0.09775239 0.90224755]
[0.14964633 0.85035366]
[0.40462238 0.5953776 ]
[0.11479887 0.88520116]
[0.14037418 0.8596258 ]
[0.08237829 0.91762173]
[0.49127996 0.50872004]
[0.04995024 0.95004976]
[0.3065372 0.6934628]
[0.1370846  0.86291546]
[0.14858742 0.8514126 ]
[0.08649424 0.91350573]
[0.38380036 0.6161997 ]
[0.14202859 0.85797143]
[0.08962743 0.91037256]
[0.19286768 0.80713236]
[0.5908673  0.40913275]
[0.16372417 0.8362759 ]
[0.11435199 0.885648  ]
[0.34164038 0.65835965]
[0.21659125 0.78340876]
[0.14580213 0.85419786]
[0.14480475 0.8551953 ]
[0.11943908 0.88056093]
[0.14979745 0.85020256]
[0.22743966 0.7725603 ]
[0.19083652 0.8091635 ]
[0.2246169 0.7753831]
[0.12106425 0.8789358 ]
[0.347016   0.65298396]
[0.20618577 0.79381424]
[0.13470414 0.8652958 ]
[0.05900772 0.94099224]
[0.67640954 0.32359043]
[0.4089713  0.59102863]
[0.20591563 0.79408437]
[0.13355519 0.8664448 ]
[0.17350842 0.8264916 ]
[0.14732705 0.85267293]
[0.15381531 0.8461847 ]
[0.17522298 0.824777  ]
[0.4569137 0.5430863]
[0.18302758 0.8169725 ]
[0.19291769 0.80708236]
[0.35683376 0.64316624]
[0.13398497 0.8660151 ]
[0.1629341 0.8370659]
[0.9430698  0.05693012]
[0.33289123 0.66710883]
[0.39578632 0.6042137 ]
[0.49953964 0.5004604 ]
[0.63113487 0.36886513]
[0.1971456  0.80285436]
[0.39101303 0.608987  ]
[0.8096463  0.19035365]
[0.30981454 0.6901855 ]
[0.45666903 0.54333097]
[0.3434198 0.6565802]
[0.17422317 0.8257769 ]
[0.13762286 0.8623771 ]
[0.17448898 0.82551104]
[0.31697384 0.6830262 ]
[0.2811304  0.71886957]
[0.68822795 0.3117721 ]
[0.24981306 0.7501869 ]
[0.31640214 0.68359786]
[0.27156764 0.72843236]
[0.1152486  0.88475144]
[0.12524393 0.87475604]
[0.50568134 0.49431863]
[0.40034342 0.5996566 ]
[0.10731887 0.89268106]
[0.15355295 0.8464471 ]
[0.2174803 0.7825197]
[0.17594256 0.82405746]
[0.10459722 0.8954028 ]
[0.42203873 0.57796127]
[0.5449729  0.45502707]
[0.38684547 0.61315453]
[0.1614613 0.8385387]
[0.1363532  0.86364675]
[0.26678395 0.7332161 ]
[0.24464878 0.7553512 ]
[0.15871033 0.8412897 ]
[0.3273898 0.6726102]
[0.2091903 0.7908097]
[0.48274913 0.5172509 ]
[0.11592235 0.88407767]
[0.1646296 0.8353705]
[0.1585873 0.8414127]
[0.3981991 0.6018009]
[0.12260199 0.8773981 ]
[0.24292676 0.7570733 ]
[0.2901213 0.7098787]
[0.30458322 0.69541675]
[0.05677121 0.9432288 ]
[0.59741527 0.40258467]
[0.15617938 0.84382063]
[0.2226432 0.7773568]
[0.5953646  0.40463546]
[0.22889003 0.77111   ]
[0.1200809  0.87991905]
[0.14374937 0.85625064]
[0.07276043 0.9272396 ]
[0.64814156 0.35185844]
[0.1289292 0.8710708]
[0.44197997 0.55802006]
[0.6267379  0.37326208]
[0.73247576 0.26752424]
[0.41507372 0.5849263 ]
[0.13856836 0.8614317 ]
[0.10575021 0.89424986]
[0.5482274  0.45177257]
[0.1882329 0.8117671]
[0.16635193 0.8336481 ]
[0.1102807 0.8897193]
[0.14889047 0.85110956]
[0.83035856 0.16964145]
[0.10389224 0.89610773]
[0.22112988 0.7788701 ]
[0.12316225 0.8768378 ]
[0.6571228 0.3428772]
[0.15508628 0.84491366]
[0.7624172  0.23758279]
[0.4133937  0.58660626]
[0.4722201  0.52777994]
[0.26012936 0.7398706 ]
[0.17447609 0.825524  ]
[0.2873184 0.7126816]
[0.09229007 0.90770996]
[0.358274   0.64172596]
[0.7789118  0.22108817]
[0.3070428 0.6929572]
[0.83074063 0.16925938]
[0.4287607 0.5712393]
[0.13885313 0.86114687]
[0.88018364 0.11981639]
[0.2813681 0.7186319]
[0.25425285 0.7457472 ]
[0.18287332 0.8171267 ]
[0.23333831 0.76666164]
[0.1248564  0.87514365]
[0.7336481  0.26635188]
[0.28709784 0.7129022 ]
[0.35435805 0.645642  ]
[0.4006235 0.5993765]
[0.27047098 0.7295291 ]
[0.16711555 0.83288443]
[0.25504017 0.74495983]
[0.61885375 0.38114625]
[0.18632235 0.81367767]
[0.12379171 0.8762083 ]
[0.6429122 0.3570878]
[0.08155472 0.9184453 ]
[0.314355   0.68564504]
[0.13549006 0.86450994]
[0.24315162 0.7568484 ]
[0.19146495 0.8085351 ]
[0.26559988 0.7344001 ]
[0.13214307 0.8678569 ]
[0.15018153 0.84981847]
[0.19371691 0.8062831 ]
[0.1234871 0.8765129]
[0.20041594 0.79958403]
[0.27251175 0.7274883 ]
[0.50290996 0.49709004]
[0.34432647 0.65567356]
[0.3900869 0.6099131]
[0.97468114 0.02531883]
[0.16402012 0.8359798 ]
[0.25009802 0.749902  ]
[0.09826491 0.90173507]
[0.8946777  0.10532228]
[0.13486601 0.86513394]
[0.1034966 0.8965034]
[0.7073534 0.2926466]
[0.33528635 0.6647137 ]
[0.37367705 0.626323  ]
[0.141111 0.858889]
[0.10708527 0.8929147 ]
[0.30395755 0.6960424 ]
[0.15341926 0.84658074]
[0.14314057 0.8568594 ]
[0.55946696 0.44053307]
[0.23207448 0.7679255 ]
[0.15710379 0.8428962 ]
[0.09350752 0.9064925 ]
[0.41333327 0.58666676]
[0.10217903 0.89782095]
[0.12613994 0.87386   ]
[0.25295183 0.74704814]
[0.37205118 0.6279489 ]
[0.71174824 0.28825176]
[0.28660923 0.71339077]
[0.31870586 0.68129414]
[0.7202252  0.27977479]
[0.70715046 0.29284954]
[0.31507367 0.68492633]
[0.9614478  0.03855217]
[0.1360957  0.86390424]
[0.8044364  0.19556355]
[0.3061088  0.69389117]
[0.11621512 0.8837849 ]
[0.30743098 0.692569  ]
[0.31100622 0.68899375]
[0.3759616  0.62403846]
[0.6692509 0.3307491]
[0.3417337 0.6582663]
[0.10254316 0.8974568 ]
[0.18511213 0.8148879 ]
[0.638157 0.361843]
[0.5479964 0.4520036]
[0.14887647 0.8511235 ]
[0.34172213 0.65827787]
[0.7569383 0.2430617]
[0.24546699 0.754533  ]
[0.17934383 0.8206562 ]
[0.19352679 0.80647326]
[0.39937907 0.6006209 ]
[0.36097747 0.6390225 ]
[0.14519083 0.85480917]
[0.12784538 0.8721546 ]
[0.7971675  0.20283245]
[0.2897166  0.71028346]
[0.23182212 0.76817787]
[0.3087271 0.6912729]
[0.13188545 0.86811453]
[0.28127822 0.71872175]
[0.3661396 0.6338604]
[0.35465047 0.6453495 ]
[0.18478388 0.8152161 ]
[0.12277543 0.87722456]
[0.18183202 0.81816804]
[0.75439346 0.24560653]
[0.163366   0.83663404]
[0.62568736 0.3743126 ]
[0.12106654 0.8789335 ]
[0.1895427 0.8104573]
[0.37612915 0.6238708 ]
[0.67252624 0.32747373]
[0.2462947  0.75370526]
[0.2997869 0.7002131]
[0.31904864 0.6809513 ]
[0.635823 0.364177]
[0.1637096  0.83629036]
[0.09395406 0.9060459 ]
[0.649535 0.350465]
[0.11736535 0.88263464]
[0.20800443 0.7919956 ]
[0.516104   0.48389602]
[0.4270971 0.5729029]
[0.10733566 0.8926644 ]
[0.16328552 0.83671445]
[0.28713655 0.71286345]
[0.20367996 0.79632   ]
[0.48318237 0.51681757]
[0.29381797 0.70618206]
[0.51465607 0.48534393]
[0.13942175 0.86057824]
[0.361585   0.63841504]
[0.20610802 0.79389197]
[0.17570244 0.8242976 ]
[0.24401881 0.7559812 ]
[0.2160964 0.7839036]
[0.4812442 0.5187558]
[0.36609188 0.63390815]
[0.19668752 0.8033125 ]
[0.3216623  0.67833775]
[0.12981386 0.8701861 ]
[0.8009191  0.19908091]
[0.6929231 0.3070769]
[0.5811125 0.4188875]
[0.13136445 0.86863554]
[0.17167379 0.8283262 ]
[0.5741315  0.42586845]
[0.1245648 0.8754352]
[0.13185498 0.868145  ]
[0.23708197 0.76291806]
[0.98502076 0.01497925]
[0.2974019 0.7025981]
[0.16017003 0.83983   ]
[0.07696698 0.923033  ]
[0.18155009 0.8184499 ]
[0.16809025 0.8319098 ]
[0.06754026 0.9324597 ]
[0.17187887 0.8281211 ]
[0.19854209 0.8014579 ]
[0.7027002 0.2972998]
[0.1535765 0.8464235]
[0.14650837 0.8534916 ]
[0.23126887 0.7687312 ]
[0.1871903  0.81280977]
[0.23279637 0.7672036 ]
[0.26573244 0.7342676 ]
[0.6193841 0.3806159]
[0.360273 0.639727]
[0.43787628 0.5621237 ]
[0.6536925 0.3463075]
[0.20012225 0.7998778 ]
[0.04232468 0.9576754 ]
[0.28859836 0.7114016 ]
[0.46572676 0.5342732 ]
[0.13694502 0.863055  ]
[0.37519404 0.6248059 ]
[0.71135974 0.28864026]
[0.18678191 0.81321806]
[0.17899014 0.8210098 ]
[0.47066844 0.52933156]
[0.17688194 0.8231181 ]
[0.7428885 0.2571115]
[0.14950302 0.85049695]
[0.2790023 0.7209977]
[0.65997106 0.34002894]
[0.28124967 0.7187503 ]
[0.17717244 0.8228275 ]
[0.28598136 0.71401864]
[0.18601929 0.81398064]
[0.4799666  0.52003336]
[0.941676   0.05832396]
[0.4074098 0.5925903]
[0.5369544  0.46304557]
[0.45258483 0.5474152 ]
[0.19083211 0.8091679 ]
[0.19232206 0.807678  ]
[0.08282878 0.91717124]
[0.30949906 0.690501  ]
[0.39820114 0.6017989 ]
[0.17986856 0.8201315 ]
[0.2958259 0.7041741]
[0.31570962 0.6842904 ]
[0.12633602 0.87366396]
[0.20622674 0.79377323]
[0.1985584  0.80144155]
[0.9258463  0.07415376]
[0.25720215 0.74279785]
[0.29974473 0.7002553 ]
[0.1315537  0.86844635]
[0.34324652 0.6567534 ]
[0.17370598 0.826294  ]
[0.8011581  0.19884196]
[0.59083927 0.4091607 ]
[0.48888937 0.51111066]
[0.47128618 0.5287139 ]
[0.23864557 0.76135445]
[0.23775911 0.7622409 ]
[0.24424934 0.75575066]
[0.06676617 0.9332338 ]
[0.14152502 0.85847497]
[0.5439274  0.45607266]
[0.80893534 0.1910646 ]
[0.31609327 0.68390673]
[0.24810871 0.7518913 ]
[0.19278203 0.80721796]
[0.7347412  0.26525882]
[0.76901644 0.23098356]
[0.978671   0.02132905]
[0.14768577 0.85231423]
[0.20478934 0.79521066]
[0.5274866 0.4725134]
[0.29328558 0.7067144 ]
[0.27421564 0.7257843 ]
[0.32047024 0.6795298 ]
[0.14790854 0.8520915 ]
[0.09769005 0.90230995]
[0.11037559 0.88962436]
[0.2514983  0.74850166]
[0.14210716 0.8578928 ]
[0.1271975 0.8728025]
[0.33843008 0.6615699 ]
[0.0961325 0.9038675]
[0.8527117  0.14728837]
[0.3106976  0.68930244]
[0.12995078 0.8700492 ]
[0.09629115 0.9037089 ]
[0.54571867 0.4542814 ]
[0.12938555 0.87061447]
[0.4809182  0.51908183]
[0.48377264 0.51622736]
[0.20946246 0.79053754]
[0.40450633 0.5954937 ]
[0.34840944 0.6515905 ]
[0.19035509 0.80964494]
[0.13468589 0.8653141 ]
[0.20585641 0.7941436 ]
[0.13789237 0.86210763]
[0.20072964 0.7992704 ]
[0.13733003 0.86266994]
[0.16163035 0.83836967]
[0.23573065 0.76426935]
[0.5201875 0.4798125]
[0.20947602 0.79052395]
[0.23940459 0.7605954 ]
[0.5870207  0.41297933]
[0.10354272 0.89645725]
[0.32840252 0.6715974 ]
[0.45435753 0.5456425 ]
[0.17233501 0.827665  ]
[0.17696866 0.82303137]
[0.1599523 0.8400477]
[0.13290149 0.86709845]
[0.09215824 0.9078418 ]
[0.19003169 0.80996835]
[0.17932425 0.8206758 ]
[0.17515469 0.82484525]
[0.1921106 0.8078894]
[0.17750522 0.8224948 ]
[0.8497568  0.15024324]
[0.34392095 0.656079  ]
[0.29358238 0.7064176 ]
[0.15923735 0.8407627 ]
[0.2562765 0.7437235]
[0.10884413 0.8911559 ]
[0.1917131  0.80828685]
[0.9844773  0.01552268]
[0.0983379 0.9016621]
[0.18224058 0.8177594 ]
[0.18594001 0.81406   ]
[0.12905152 0.87094843]
[0.70013857 0.2998614 ]
[0.14965595 0.850344  ]
[0.38799447 0.61200553]
[0.5170038 0.4829962]
[0.29602525 0.7039747 ]
[0.14090641 0.85909355]
[0.07563306 0.92436695]
[0.12894057 0.8710594 ]
[0.19639999 0.80359995]
[0.30784515 0.6921548 ]
[0.47803965 0.5219604 ]
[0.17484719 0.8251529 ]
[0.11131216 0.88868785]
[0.51186264 0.4881373 ]
[0.69410866 0.30589136]
[0.5593156 0.4406844]
[0.9762866  0.02371337]
[0.13680074 0.86319923]
[0.18677738 0.81322265]
[0.35470405 0.645296  ]
[0.26166686 0.7383331 ]
[0.13003002 0.86996996]
[0.3005589  0.69944113]
[0.12968473 0.8703152 ]
[0.5588863  0.44111368]
[0.55285937 0.4471406 ]
[0.09039331 0.90960664]
[0.3455785 0.6544215]
[0.25570843 0.74429154]
[0.33372658 0.6662734 ]
[0.31556427 0.6844357 ]
[0.23910396 0.760896  ]
[0.3044744 0.6955256]
[0.43392625 0.5660737 ]
[0.21191806 0.78808194]
[0.04029107 0.95970887]
[0.172927   0.82707304]
[0.19594555 0.80405444]
[0.11172232 0.88827765]
[0.23747873 0.76252127]
[0.11375299 0.88624704]
[0.3446344 0.6553656]
[0.065492   0.93450797]
[0.23595354 0.76404643]
[0.1096442  0.89035577]
[0.18102625 0.8189737 ]
[0.17617312 0.82382685]
[0.19813026 0.80186975]
[0.3537401 0.6462599]
[0.11851343 0.8814866 ]
[0.04153237 0.9584676 ]
[0.1461287 0.8538713]
[0.30092198 0.699078  ]
[0.3700616 0.6299384]
[0.66765505 0.33234495]
[0.567944   0.43205595]
[0.41490853 0.5850915 ]
[0.47274566 0.52725434]
[0.1475152  0.85248476]
[0.13320781 0.86679214]
[0.5717438  0.42825618]
[0.13818759 0.8618124 ]
[0.11641029 0.8835897 ]
[0.6665671  0.33343288]
[0.75817823 0.24182177]
[0.10584717 0.8941528 ]
[0.23387878 0.76612127]
[0.17709455 0.8229055 ]
[0.25743076 0.7425692 ]
[0.18122351 0.8187765 ]
[0.20203222 0.79796785]
[0.7924652  0.20753482]
[0.28699926 0.7130008 ]
[0.20850979 0.7914902 ]
[0.12055126 0.8794488 ]
[0.5756428 0.4243572]
[0.7604932  0.23950677]
[0.21686076 0.7831393 ]
[0.11342289 0.88657707]
[0.36263785 0.6373621 ]
[0.11451174 0.88548833]
[0.09073635 0.9092636 ]
[0.35459366 0.6454063 ]
[0.25946945 0.7405305 ]
[0.40270624 0.59729373]
[0.1334174  0.86658263]
[0.1349774  0.86502266]
[0.40327865 0.59672135]
[0.22436914 0.77563083]
[0.16478194 0.8352181 ]
[0.38519436 0.6148056 ]
[0.5640281  0.43597195]
[0.16188745 0.83811253]
[0.84424216 0.15575786]
[0.1165424  0.88345754]
[0.17958996 0.82041   ]
[0.27971157 0.72028846]
[0.18329261 0.8167074 ]
[0.7190808  0.28091922]
[0.18081035 0.81918967]
[0.46533477 0.53466517]
[0.10946992 0.89053005]
[0.09001899 0.909981  ]
[0.16269378 0.8373062 ]
[0.42503026 0.5749697 ]
[0.27205357 0.72794646]
[0.27993017 0.7200699 ]
[0.601847 0.398153]
[0.3484809 0.6515191]
[0.208765 0.791235]
[0.15110452 0.8488955 ]
[0.11363705 0.8863629 ]
[0.71663153 0.28336844]
[0.1565097 0.8434903]
[0.2273393 0.7726607]
[0.33767563 0.66232437]
[0.077856   0.92214394]
[0.7160115  0.28398842]
[0.27461904 0.72538096]
[0.07093551 0.9290645 ]
[0.12445422 0.8755458 ]
[0.27823508 0.721765  ]
[0.33795276 0.6620472 ]
[0.12490059 0.87509936]
[0.16260822 0.83739173]
[0.16292714 0.8370728 ]
[0.23931326 0.7606867 ]
[0.33772686 0.6622731 ]
[0.17310388 0.82689613]
[0.6525928  0.34740722]
[0.23099679 0.76900315]
[0.21439406 0.7856059 ]
[0.26897252 0.73102754]
[0.5180708 0.4819292]
[0.12948255 0.87051743]
[0.13422404 0.86577594]
[0.26105228 0.73894775]
[0.26171443 0.73828554]
[0.36125314 0.6387469 ]
[0.38237253 0.6176275 ]
[0.13307989 0.8669202 ]
[0.13909933 0.8609007 ]
[0.8305202  0.16947976]
[0.13813843 0.8618616 ]
[0.3115229 0.6884771]
[0.16482966 0.8351703 ]
[0.12585744 0.8741426 ]
[0.73381174 0.26618826]
[0.42273408 0.5772659 ]
[0.30022714 0.6997729 ]
[0.75808126 0.24191874]
[0.21015252 0.78984743]
[0.16495824 0.83504176]
[0.27551624 0.7244838 ]
[0.16037671 0.8396233 ]
[0.253481   0.74651897]
[0.11916073 0.8808393 ]
[0.2496151  0.75038487]
[0.18802834 0.8119717 ]
[0.08721938 0.9127806 ]
[0.8115908 0.1884092]
[0.08646456 0.9135355 ]
[0.2374301  0.76256996]
[0.54436946 0.45563054]
[0.16221063 0.83778936]
[0.07944763 0.9205524 ]
[0.15003693 0.849963  ]
[0.08750736 0.91249263]
[0.12621239 0.8737876 ]
[0.32718143 0.6728186 ]
[0.23338199 0.766618  ]
[0.20620851 0.7937915 ]
[0.23703213 0.7629678 ]
[0.05728677 0.9427132 ]
[0.15645738 0.84354264]
[0.13400349 0.86599654]
[0.23413067 0.7658693 ]
[0.52607036 0.47392964]
[0.19106615 0.8089338 ]
[0.2608757  0.73912424]
[0.14123853 0.8587615 ]
[0.18925273 0.81074727]
[0.16579768 0.8342023 ]
[0.16682376 0.8331762 ]
[0.39998505 0.6000149 ]
[0.24852657 0.7514734 ]
[0.0824479 0.9175521]
[0.9319707  0.06802926]
[0.23942402 0.760576  ]
[0.26666784 0.7333321 ]
[0.14001602 0.859984  ]
[0.43145084 0.5685492 ]
[0.04368014 0.9563198 ]
[0.10593282 0.8940672 ]
[0.5048666 0.4951334]
[0.80321646 0.19678348]
[0.12414075 0.8758592 ]
[0.12903972 0.8709603 ]
[0.29136994 0.70863   ]
[0.22277951 0.77722055]
[0.10664123 0.8933588 ]
[0.10802688 0.8919731 ]
[0.09189182 0.9081081 ]
[0.6610175  0.33898252]
[0.42360088 0.57639915]
[0.39141208 0.6085879 ]
[0.25807238 0.74192756]
[0.38989896 0.6101011 ]
[0.2273237 0.7726763]
[0.53524065 0.46475938]
[0.5684621  0.43153793]
[0.17057519 0.82942486]
[0.3839891 0.6160109]
[0.39688802 0.6031119 ]
[0.3399375  0.66006255]
[0.35439494 0.6456051 ]
[0.38081807 0.619182  ]
[0.48612383 0.51387614]
[0.27334762 0.7266524 ]
[0.14866316 0.8513368 ]
[0.22764152 0.7723585 ]
[0.33142853 0.6685715 ]
[0.40586123 0.59413874]
[0.13821094 0.86178905]
[0.57561696 0.42438304]
[0.8869965  0.11300351]
[0.2059955 0.7940045]
[0.09891093 0.90108913]
[0.12057402 0.879426  ]
[0.6068874 0.3931126]
[0.2060673 0.7939327]
[0.27454773 0.7254523 ]
[0.8292122 0.1707878]
[0.38504505 0.61495495]
[0.41508186 0.58491814]
[0.4823229  0.51767707]
[0.13321696 0.866783  ]
[0.38158458 0.61841536]
[0.15680616 0.8431938 ]
[0.32868358 0.6713164 ]
[0.36746746 0.63253254]
[0.08638113 0.91361886]
[0.37062207 0.6293779 ]
[0.39012122 0.6098788 ]
[0.16190317 0.8380968 ]
[0.39242184 0.60757816]
[0.2044833 0.7955167]
[0.86910075 0.13089927]
[0.21681404 0.78318596]
[0.21203354 0.78796643]
[0.2868868 0.7131132]
[0.0615796 0.9384205]
[0.36804214 0.6319579 ]
[0.17879245 0.8212075 ]
[0.14097105 0.85902894]
[0.23254837 0.7674516 ]
[0.25696668 0.7430333 ]
[0.35312882 0.64687115]
[0.54477185 0.45522815]
[0.26036632 0.7396337 ]
[0.21061134 0.78938866]
[0.13972586 0.86027414]
[0.2668624 0.7331376]
[0.39976153 0.6002385 ]
[0.31140164 0.6885984 ]
[0.12014192 0.8798581 ]
[0.40233302 0.5976669 ]
[0.13339622 0.8666038 ]
[0.26192078 0.7380792 ]
[0.19417213 0.8058278 ]
[0.20650212 0.79349786]
[0.22579159 0.7742084 ]
[0.22434406 0.7756559 ]
[0.3859214  0.61407864]
[0.28292382 0.7170762 ]
[0.1321115  0.86788845]
[0.21526024 0.78473973]
[0.12163018 0.8783698 ]
[0.20656285 0.7934372 ]
[0.34908706 0.65091294]
[0.09491538 0.90508467]
[0.23625945 0.7637406 ]
[0.24160331 0.75839674]
[0.17362414 0.82637584]
[0.11558624 0.8844138 ]
[0.07014497 0.929855  ]
[0.6442708  0.35572922]
[0.14325951 0.8567405 ]
[0.1978505 0.8021495]
[0.5018575  0.49814245]
[0.16288352 0.8371165 ]
[0.22272748 0.7772725 ]
[0.21282907 0.7871709 ]
[0.06015181 0.9398481 ]
[0.10750435 0.8924957 ]
[0.10973356 0.8902665 ]
[0.41564208 0.5843579 ]
[0.11474257 0.8852574 ]
[0.41034117 0.58965886]
[0.11955336 0.8804467 ]
[0.21847354 0.78152645]
[0.5026275  0.49737245]
[0.4002931 0.5997069]
[0.331182 0.668818]
[0.33312324 0.66687673]
[0.26910245 0.7308976 ]
[0.43502554 0.5649744 ]
[0.12593535 0.8740646 ]
[0.2912995  0.70870054]
[0.14441834 0.8555816 ]
[0.17278057 0.8272194 ]
[0.14152282 0.8584772 ]
[0.41209045 0.5879096 ]
[0.37215564 0.62784433]
[0.15071715 0.84928286]
[0.5075333  0.49246666]
[0.5553968 0.4446032]
[0.19696799 0.803032  ]
[0.13773091 0.8622691 ]
[0.09397837 0.90602165]
[0.18561792 0.8143821 ]
[0.14657477 0.85342526]
[0.07382037 0.92617965]
[0.38404527 0.6159547 ]
[0.5370517 0.4629483]
[0.1639904  0.83600956]
[0.14205274 0.85794723]
[0.2437516  0.75624835]
[0.17835324 0.82164675]
[0.42920882 0.5707912 ]
[0.35402754 0.64597243]
[0.32847843 0.6715216 ]
[0.11503659 0.8849634 ]
[0.20395856 0.7960414 ]
[0.21811196 0.78188807]
[0.12025176 0.8797482 ]
[0.15460566 0.8453944 ]
[0.3127098 0.6872902]
[0.21402617 0.7859738 ]
[0.11220211 0.8877979 ]
[0.35919952 0.6408005 ]
[0.16288334 0.83711666]
[0.08169201 0.918308  ]
[0.29771838 0.70228165]
[0.38158393 0.6184161 ]
[0.05149191 0.94850814]
[0.15419424 0.8458058 ]
[0.02763641 0.9723636 ]
[0.20905209 0.79094785]
[0.94047374 0.05952632]
[0.37722602 0.622774  ]
[0.51755524 0.48244476]
[0.40114433 0.59885573]
[0.1589316  0.84106845]
[0.5432435 0.4567565]
[0.8518523  0.14814764]
[0.7015248  0.29847524]
[0.47713083 0.5228691 ]
[0.26575312 0.7342469 ]
[0.30892274 0.69107723]
[0.20869447 0.79130554]
[0.18155335 0.81844664]
[0.17105335 0.8289467 ]
[0.13295357 0.8670464 ]
[0.15383078 0.8461692 ]
[0.13162602 0.868374  ]
[0.3019366  0.69806343]
[0.24375038 0.7562496 ]
[0.5192664 0.4807336]
[0.33080494 0.66919506]
[0.10600862 0.89399135]
[0.11739833 0.8826017 ]
[0.28553247 0.7144676 ]
[0.12522224 0.8747778 ]
[0.16012463 0.83987534]
[0.10179266 0.8982073 ]
[0.17060858 0.82939136]
[0.15410759 0.8458924 ]
[0.18036754 0.8196325 ]
[0.12263303 0.87736696]
[0.11571117 0.88428885]
[0.27219126 0.7278088 ]
[0.7057985  0.29420152]
[0.20385407 0.796146  ]
[0.12474779 0.8752522 ]
[0.3095052 0.6904948]
[0.26397485 0.73602515]
[0.33416355 0.6658364 ]
[0.85539484 0.14460522]
[0.1353271  0.86467296]
[0.15094109 0.8490589 ]
[0.5372103  0.46278977]
[0.14112358 0.8588764 ]
[0.36296442 0.63703555]
[0.1427103 0.8572897]
[0.27927494 0.72072506]
[0.19191009 0.80809   ]
[0.25985035 0.7401496 ]
[0.31111515 0.6888849 ]
[0.09898996 0.90101004]
[0.47986963 0.52013034]
[0.42756486 0.57243514]
[0.3093563  0.69064367]
[0.5450026 0.4549974]
[0.09158065 0.9084194 ]
[0.15092216 0.8490778 ]
[0.31100473 0.68899524]
[0.16675042 0.8332496 ]
[0.22706948 0.7729305 ]
[0.15634632 0.8436537 ]
[0.15607128 0.84392875]
[0.2926791  0.70732087]
[0.14883019 0.8511698 ]
[0.42623907 0.5737609 ]
[0.11118793 0.88881207]
[0.13759424 0.8624058 ]
[0.15387568 0.84612435]
[0.6752487  0.32475126]
[0.39768353 0.60231644]
[0.550955   0.44904503]
[0.51469445 0.48530555]
[0.52822095 0.47177908]
[0.10240789 0.8975921 ]
[0.3295355 0.6704645]
[0.3282587  0.67174137]
[0.42565382 0.5743461 ]
[0.2850104  0.71498954]
[0.19333851 0.8066614 ]
[0.47014037 0.52985966]
[0.6051991  0.39480093]
[0.17216906 0.827831  ]
[0.23123339 0.76876664]
[0.25722405 0.742776  ]
[0.2606318  0.73936826]
[0.10779044 0.8922096 ]
[0.7544145  0.24558549]
[0.40559 0.59441]
[0.5876856  0.41231441]
[0.11504514 0.8849549 ]
[0.29346564 0.7065343 ]
[0.3759074 0.6240926]
[0.36288768 0.6371123 ]
[0.15655543 0.8434446 ]
[0.20819391 0.79180604]
[0.2231866  0.77681345]
[0.8084257  0.19157423]
[0.18518925 0.81481075]
[0.22792502 0.772075  ]
[0.6065431  0.39345682]
[0.3140016 0.6859984]
[0.3919585 0.6080415]
[0.44921017 0.5507898 ]
[0.9554852  0.04451476]
[0.6551058  0.34489417]
[0.26659718 0.73340285]
[0.18719816 0.8128018 ]
[0.4496068 0.5503932]
[0.17964739 0.82035255]
[0.7295443  0.27045578]
[0.12619163 0.8738083 ]
[0.14288236 0.85711765]
[0.34231848 0.6576815 ]
[0.14382508 0.8561749 ]
[0.13200939 0.86799055]
[0.19808534 0.8019147 ]
[0.19823031 0.8017697 ]
[0.6500591  0.34994087]
[0.11279426 0.8872057 ]
[0.8255256  0.17447439]
[0.13764419 0.8623558 ]
[0.38852882 0.6114712 ]
[0.3516828  0.64831716]
[0.30161673 0.6983833 ]
[0.33776826 0.66223174]
[0.13427448 0.86572546]
[0.12523632 0.8747637 ]
[0.14676927 0.8532307 ]
[0.7850919  0.21490806]
[0.39529496 0.604705  ]
[0.3568669  0.64313316]
[0.3837856 0.6162144]
[0.13310786 0.8668921 ]
[0.6558926  0.34410742]
[0.13639739 0.8636026 ]
[0.2161646 0.7838354]
[0.14866625 0.8513338 ]
[0.19879207 0.8012079 ]
[0.9718793  0.02812074]
[0.32714757 0.67285246]
[0.14751105 0.85248893]
[0.28227377 0.71772623]
[0.37886444 0.6211356 ]
[0.42588046 0.57411957]
[0.2298234 0.7701766]
[0.40473393 0.5952661 ]
[0.32324865 0.6767513 ]
[0.11014736 0.88985264]
[0.44434974 0.55565023]
[0.14758839 0.85241157]
[0.22479296 0.775207  ]
[0.1310851 0.8689149]
[0.14007136 0.8599286 ]
[0.3973535 0.6026465]
[0.10922961 0.8907704 ]
[0.47291 0.52709]
[0.31659156 0.6834085 ]
[0.7014462  0.29855382]
[0.24775591 0.7522441 ]
[0.17653319 0.82346684]
[0.45667326 0.5433268 ]
[0.91668355 0.08331645]
[0.09132989 0.9086701 ]
[0.48659822 0.51340175]
[0.2900068 0.7099932]
[0.11092719 0.8890728 ]
[0.41291755 0.5870824 ]
[0.31453544 0.6854645 ]
[0.1900651 0.809935 ]
[0.35189706 0.64810294]
[0.19306706 0.80693287]
[0.33170444 0.66829556]
[0.18701202 0.8129879 ]
[0.13484356 0.8651565 ]
[0.2526502  0.74734974]
[0.13832231 0.8616777 ]
[0.18717271 0.81282735]
[0.13585474 0.8641453 ]
[0.6020574  0.39794254]
[0.24683698 0.75316304]
[0.3113208  0.68867916]
[0.71960014 0.2803998 ]
[0.07513234 0.9248677 ]
[0.11200182 0.88799816]
[0.8796955  0.12030452]
[0.30075872 0.69924134]
[0.07331786 0.9266821 ]
[0.14629947 0.8537005 ]
[0.1183489 0.8816511]
[0.06861874 0.9313812 ]
[0.34429735 0.6557026 ]
[0.44675052 0.5532495 ]
[0.10765275 0.8923472 ]
[0.08250561 0.91749436]
[0.11047354 0.8895264 ]
[0.16663179 0.83336824]
[0.32764113 0.67235893]
[0.17109823 0.82890177]
[0.66378415 0.33621585]
[0.39827827 0.60172176]
[0.35658357 0.64341646]
[0.12291046 0.87708956]
[0.37880737 0.62119263]
[0.35239512 0.6476048 ]
[0.75536007 0.24463993]
[0.73820597 0.26179403]
[0.4995643 0.5004357]
[0.30815816 0.69184184]
[0.22910398 0.770896  ]
[0.1570235  0.84297657]
[0.18615039 0.8138496 ]
[0.4905494  0.50945055]
[0.6249388 0.3750612]
[0.13844469 0.8615553 ]
[0.6195035  0.38049644]
[0.13506335 0.86493665]
[0.2373084  0.76269156]
[0.14297695 0.8570231 ]
[0.4823058 0.5176942]
[0.43400866 0.5659913 ]
[0.09904778 0.9009523 ]
[0.36234328 0.63765675]
[0.5716851  0.42831498]
[0.16111137 0.83888865]
[0.17312708 0.82687294]
[0.15674567 0.8432543 ]
[0.11874228 0.8812578 ]
[0.16826373 0.8317363 ]
[0.22703542 0.77296454]
[0.40047088 0.59952915]
[0.32082388 0.67917615]
[0.3182133 0.6817867]
[0.14673753 0.8532625 ]
[0.1892143 0.8107857]
[0.20296837 0.79703164]
[0.16237144 0.83762854]
[0.3494494 0.6505506]
[0.2191211 0.7808789]
[0.28723612 0.7127639 ]
[0.06638074 0.9336192 ]
[0.1297374  0.87026256]
[0.12207512 0.87792486]
[0.14508118 0.85491884]
[0.23851186 0.76148814]
[0.08786302 0.912137  ]
[0.7833383  0.21666165]
[0.13499951 0.8650005 ]
[0.60421544 0.39578462]
[0.21844228 0.78155774]
[0.60902005 0.39097992]
[0.25984374 0.74015623]
[0.91653854 0.0834614 ]
[0.18731174 0.81268823]
[0.8504344  0.14956552]
[0.842744   0.15725604]
[0.08412243 0.9158776 ]
[0.38135132 0.6186487 ]
[0.11983254 0.8801674 ]
[0.12477375 0.87522626]
[0.42441046 0.57558954]
[0.1030332 0.8969669]
[0.96273106 0.03726892]
[0.12998554 0.8700144 ]
[0.20181574 0.7981843 ]
[0.22684866 0.7731513 ]
[0.28171393 0.7182861 ]
[0.28255355 0.71744645]
[0.54285604 0.457144  ]
[0.5967831  0.40321684]
[0.63094896 0.36905107]
[0.5055281 0.4944719]
[0.1470048  0.85299516]
[0.18547265 0.8145274 ]
[0.19810319 0.8018968 ]
[0.14580752 0.85419255]
[0.6169452 0.3830548]
[0.15256375 0.84743625]
[0.15896109 0.84103894]
[0.5626972 0.4373029]
[0.1842578 0.8157422]
[0.70949465 0.29050535]
[0.31440425 0.68559575]
[0.19927329 0.80072665]
[0.12736952 0.8726305 ]
[0.3142838 0.6857162]
[0.24301304 0.756987  ]
[0.33878133 0.6612187 ]
[0.17678908 0.8232109 ]
[0.09919775 0.9008022 ]
[0.1870351 0.8129649]
[0.15611024 0.8438897 ]
[0.9291399  0.07086008]
[0.08557111 0.91442895]
[0.17735964 0.8226403 ]
[0.28368023 0.7163198 ]
[0.34680206 0.65319794]
[0.4938261 0.5061739]
[0.18867151 0.81132853]
[0.63893116 0.36106884]
[0.07667271 0.9233273 ]
[0.17328925 0.8267107 ]
[0.1251002  0.87489974]
[0.14295022 0.8570498 ]
[0.15883113 0.8411689 ]
[0.19140746 0.8085925 ]
[0.16430415 0.83569586]
[0.13463424 0.86536574]
[0.2172069 0.7827931]
[0.20210628 0.79789376]
[0.2568553  0.74314463]
[0.47779614 0.52220386]
[0.81826276 0.18173721]
[0.10763359 0.89236635]
[0.17566822 0.82433176]
[0.18979548 0.8102045 ]
[0.3063287 0.6936713]
[0.2149783 0.7850217]
[0.25695065 0.7430493 ]
[0.64030886 0.3596911 ]
[0.906772   0.09322791]
[0.09954251 0.9004575 ]
[0.10790084 0.89209914]
[0.2424731  0.75752693]
[0.43697554 0.56302446]
[0.11484493 0.88515514]
[0.53471035 0.46528965]
[0.5831344  0.41686553]
[0.5606889 0.4393111]
[0.03458762 0.9654124 ]
[0.22015588 0.77984405]
[0.36526698 0.6347331 ]
[0.1928979  0.80710214]
[0.41713312 0.58286685]
[0.3315829 0.6684171]
[0.3389698 0.6610302]
[0.16310179 0.8368982 ]
[0.72969466 0.27030534]
[0.3177521  0.68224794]
[0.5175159  0.48248407]
[0.12298807 0.87701195]
[0.50325924 0.4967408 ]
[0.7813246  0.21867539]
[0.5491712 0.4508288]
[0.18590169 0.8140983 ]
[0.12765464 0.8723453 ]
[0.433239 0.566761]
[0.20271586 0.7972842 ]
[0.13823605 0.861764  ]
[0.11486452 0.88513553]
[0.46169856 0.5383014 ]
[0.56454235 0.4354577 ]
[0.55170417 0.44829586]
[0.07894041 0.92105955]
[0.32439175 0.6756083 ]
[0.71538067 0.28461933]
[0.18641573 0.81358427]
[0.1484924  0.85150754]
[0.20617926 0.7938207 ]
[0.5751308  0.42486918]
[0.19187443 0.8081256 ]
[0.48823115 0.5117689 ]
[0.23604564 0.76395434]
[0.40779826 0.5922017 ]
[0.29450026 0.70549977]
[0.30643636 0.69356364]
[0.07894665 0.9210534 ]
[0.08399927 0.9160007 ]
[0.6591237 0.3408763]
[0.3164589  0.68354106]
[0.10152281 0.8984772 ]
[0.29376614 0.70623386]
[0.34349167 0.65650827]
[0.32102823 0.67897177]
[0.2500779 0.7499221]
[0.25608435 0.7439156 ]
[0.17990138 0.8200986 ]
[0.15583421 0.8441658 ]
[0.19251001 0.80749   ]
[0.1458444  0.85415566]
[0.2762676 0.7237324]
[0.25813445 0.7418656 ]
[0.293313   0.70668703]
[0.1510637 0.8489363]
[0.19950983 0.8004902 ]
[0.36606094 0.6339391 ]
[0.36595687 0.63404316]
[0.10643138 0.89356863]
[0.42227465 0.57772535]
[0.517776   0.48222402]
[0.9229643  0.07703571]
[0.16352578 0.83647424]
[0.27670333 0.72329664]
[0.289956 0.710044]
[0.6663999 0.3336001]
[0.7641909  0.23580906]
[0.53537554 0.46462443]
[0.10385997 0.89614   ]
[0.51345307 0.486547  ]
[0.0882969  0.91170317]
[0.08768504 0.91231495]
[0.14245507 0.8575449 ]
[0.80979615 0.19020388]
[0.25223795 0.7477621 ]
[0.12414424 0.87585574]
[0.521165 0.478835]
[0.49732926 0.50267076]
[0.17504524 0.8249548 ]
[0.50657487 0.49342516]
[0.31330347 0.6866965 ]
[0.24607648 0.75392354]
[0.11754668 0.88245326]
[0.3541296 0.6458704]
[0.14155291 0.85844713]
[0.5423452  0.45765477]
[0.1389897 0.8610103]
[0.10685745 0.8931425 ]
[0.9731663  0.02683368]
[0.5209891  0.47901094]
[0.1044786 0.8955214]
[0.22881056 0.77118945]
[0.23513858 0.7648614 ]
[0.13764843 0.8623516 ]
[0.16200419 0.8379958 ]
[0.27367833 0.7263217 ]
[0.49414867 0.5058514 ]
[0.5402743  0.45972565]
[0.4798024 0.5201976]
[0.09284576 0.90715426]
[0.38756078 0.6124392 ]
[0.28112644 0.71887356]
[0.40925276 0.59074724]
[0.28703636 0.7129637 ]
[0.14132418 0.85867584]
[0.71335036 0.28664964]
[0.3060589 0.6939411]
[0.27420154 0.7257984 ]
[0.20268737 0.7973127 ]
[0.21984044 0.7801596 ]
[0.12668248 0.87331754]
[0.25584534 0.74415463]
[0.64186853 0.35813144]
[0.27538657 0.7246135 ]
[0.15943825 0.84056175]
[0.3914848  0.60851514]
[0.37127152 0.6287285 ]
[0.11414044 0.88585955]
[0.6031426  0.39685738]
[0.45463312 0.5453669 ]
[0.17285159 0.8271484 ]
[0.24890949 0.75109047]
[0.1445639 0.8554361]
[0.14483292 0.85516703]
[0.28704047 0.7129595 ]
[0.76940614 0.2305939 ]
[0.21478516 0.78521484]
[0.22337478 0.7766252 ]
[0.13800167 0.8619983 ]
[0.12937315 0.87062687]